X=[ 1.470e+02 -2.688e+00  4.390e+00 -2.360e+00  3.608e-01  1.310e+00
 -1.645e+00  2.328e+00 -1.728e+00  4.325e+00  6.286e+00  2.466e+00
 -7.274e-01  2.619e-02 -6.577e+00  1.766e+00 -6.518e-01  2.201e+00
  3.776e-01 -1.450e+00  3.169e+00 -1.046e+00 -1.570e-01  7.985e-02
 -1.260e-02  2.072e-01 -5.366e-01  9.504e-01 -6.244e-01], Predicted = Contains Fraud Transaction Signature

X=[ 3.390e+02  5.033e-01  9.301e-01 -8.575e-01  2.043e+00 -1.506e+00
 -1.000e+00 -1.991e+00  4.606e-01 -1.124e+00 -1.975e+00  2.946e+00
 -2.150e+00 -6.465e-01 -2.239e+00  2.917e-01 -2.213e+00 -5.400e+00
 -1.445e+00  3.681e-01  1.667e-01  3.799e-01 -6.219e-02 -1.219e-02
  4.798e-01  5.319e-01 -4.413e-01  4.608e-01  2.200e-01], Predicted = Contains Fraud Transaction Signature

X=[ 3.470e+02 -1.531e+00  1.400e+00 -5.871e-01  2.175e+00 -2.138e+00
 -5.016e-01 -1.215e+00  9.569e-01 -1.867e+00 -2.311e+00  2.770e+00
 -2.361e+00 -5.292e-01 -2.003e+00  6.196e-01 -2.489e+00 -4.888e+00
 -1.070e+00  1.336e+00  8.059e-01  5.579e-01  8.527e-02  4.031e-01
  4.544e-01  2.025e-01 -3.131e-01  5.272e-01  2.026e-01], Predicted = Contains Fraud Transaction Signature

X=[ 4.060e+02 -2.312e+00  1.952e+00 -1.610e+00  3.998e+00 -5.222e-01
 -1.427e+00 -2.537e+00  1.392e+00 -2.770e+00 -2.772e+00  3.202e+00
 -2.900e+00 -5.952e-01 -4.289e+00  3.897e-01 -1.141e+00 -2.830e+00
 -1.682e-02  4.170e-01  1.269e-01  5.172e-01 -3.505e-02 -4.652e-01
  3.202e-01  4.452e-02  1.778e-01  2.611e-01 -1.433e-01], Predicted = Contains Fraud Transaction Signature

X=[ 4.800e+02  1.039e+00  1.158e+00 -1.555e+00  1.500e+00  1.556e+00
  3.603e-02  4.991e-01  1.482e-01 -6.030e-01 -1.764e+00  2.203e+00
  4.093e-01  4.972e-01 -3.391e+00  2.052e+00 -3.618e-01  3.986e+00
 -8.118e-01 -2.517e+00 -1.352e-01 -6.067e-02  1.137e-01 -4.955e-02
 -9.401e-01  5.253e-01 -1.884e-01  1.169e-01  8.712e-02], Predicted = Contains Fraud Transaction Signature

X=[ 1.47000000e+02 -2.68797797e+00  4.39023020e+00 -2.36048306e+00
  3.60829162e-01  1.31019221e+00 -1.64525343e+00  2.32777608e+00
 -1.72782515e+00  4.32475181e+00  6.28648735e+00  2.46639532e+00
 -7.27390954e-01  2.61896250e-02 -6.57678855e+00  1.76603352e+00
 -6.51758649e-01  2.20139193e+00  3.77628567e-01 -1.45011312e+00
  3.16934442e+00 -1.04596142e+00 -1.56951372e-01  7.98538740e-02
 -1.25984610e-02  2.07194001e-01 -5.36577942e-01  9.50392727e-01
 -6.24431488e-01], Predicted = Contains Fraud Transaction Signature

X=[ 3.39000000e+02  5.03301988e-01  9.30065140e-01 -8.57525172e-01
  2.04294012e+00 -1.50594639e+00 -1.00018456e+00 -1.99136333e+00
  4.60576747e-01 -1.12410117e+00 -1.97461696e+00  2.94606281e+00
 -2.14986305e+00 -6.46459994e-01 -2.23883095e+00  2.91703947e-01
 -2.21330281e+00 -5.40001437e+00 -1.44538878e+00  3.68060111e-01
  1.66740829e-01  3.79924772e-01 -6.21911210e-02 -1.21869730e-02
  4.79787698e-01  5.31946546e-01 -4.41322929e-01  4.60792336e-01
  2.19985375e-01], Predicted = Contains Fraud Transaction Signature

X=[ 3.47000000e+02 -1.53127112e+00  1.39962086e+00 -5.87061395e-01
  2.17500166e+00 -2.13763692e+00 -5.01576168e-01 -1.21521506e+00
  9.56861641e-01 -1.86656120e+00 -2.31102388e+00  2.77010079e+00
 -2.36104985e+00 -5.29229059e-01 -2.00337458e+00  6.19597258e-01
 -2.48907340e+00 -4.88759816e+00 -1.06963619e+00  1.33553998e+00
  8.05861662e-01  5.57904081e-01  8.52670660e-02  4.03095847e-01
  4.54437544e-01  2.02522072e-01 -3.13117525e-01  5.27182018e-01
  2.02574986e-01], Predicted = Contains Fraud Transaction Signature

X=[ 4.06000000e+02 -2.31222654e+00  1.95199201e+00 -1.60985073e+00
  3.99790559e+00 -5.22187865e-01 -1.42654532e+00 -2.53738731e+00
  1.39165725e+00 -2.77008928e+00 -2.77227215e+00  3.20203321e+00
 -2.89990739e+00 -5.95221881e-01 -4.28925378e+00  3.89724120e-01
 -1.14074718e+00 -2.83005568e+00 -1.68224680e-02  4.16955705e-01
  1.26910559e-01  5.17232371e-01 -3.50493690e-02 -4.65211076e-01
  3.20198199e-01  4.45191670e-02  1.77839798e-01  2.61145003e-01
 -1.43275875e-01], Predicted = Contains Fraud Transaction Signature

X=[ 4.80000000e+02  1.03907905e+00  1.15803404e+00 -1.55517380e+00
  1.50027016e+00  1.55614824e+00  3.60284340e-02  4.99064735e-01
  1.48227153e-01 -6.03040247e-01 -1.76447559e+00  2.20281985e+00
  4.09272033e-01  4.97219181e-01 -3.39121307e+00  2.05226513e+00
 -3.61773653e-01  3.98628883e+00 -8.11839159e-01 -2.51696288e+00
 -1.35221946e-01 -6.06715550e-02  1.13741574e-01 -4.95547350e-02
 -9.40147945e-01  5.25324406e-01 -1.88411062e-01  1.16878405e-01
  8.71245160e-02], Predicted = Contains Fraud Transaction Signature

